truth: theta=2.0 sigma=1.0 tau=0.3

  n  theta_mean  theta_sd  theta_pred_sd  sigma_mean  sigma_sd  tau_mean   tau_sd   rhat  div     secs
 32    1.892954  0.275339       0.443354    0.547427  0.270329  0.494970 0.157621 1.0030    0 0.620123
 64    2.648536  0.453657       0.406779    1.090420  0.161397  0.274852 0.146859 1.0021    0 0.398647
128    2.405320  0.375523       0.377418    1.008173  0.113835  0.229075 0.109335 1.0051    0 0.669638
256    1.774056  0.400838       0.353360    1.154147  0.079433  0.155232 0.089625 1.0039    0 1.235757

            mean      sd  hdi_3%  hdi_97%  mcse_mean  mcse_sd   ess_bulk   ess_tail   r_hat
theta_bm  2.4053  0.3756  1.7172   3.1270     0.0063   0.0068  3557.4353  2866.3007  1.0016
sigma_bm  1.0082  0.1138  0.8083   1.2237     0.0027   0.0017  1832.0725  2466.8729  1.0017
tau[0]    0.2291  0.1093  0.0000   0.3901     0.0034   0.0023   983.0722   523.0725  1.0051
tau[1]    0.8108  0.6021  0.0018   1.9004     0.0092   0.0094  2362.1192  1404.6769  1.0011
tau[2]    0.8009  0.6023  0.0013   1.8740     0.0085   0.0091  3307.5475  1797.2179  1.0009
