
==============================================================================
TRUTH = BM1
==============================================================================
               mean     sd  hdi_3%  hdi_97%  mcse_mean  mcse_sd  ess_bulk  ess_tail  r_hat
p_model[0]    0.645  0.467   0.000    1.000      0.038    0.012   149.343   316.047  1.021
p_model[1]    0.151  0.349   0.000    1.000      0.032    0.031   286.629  1722.423  1.027
p_model[2]    0.205  0.393   0.000    1.000      0.029    0.021   332.712  1496.490  1.007
alpha_ou1     1.055  1.505   0.020    3.082      0.032    0.142  2421.253  1475.421  1.004
alpha_oux     1.039  1.326   0.028    3.087      0.033    0.070  1828.969  2002.779  1.003
theta_oux[0]  0.054  0.972  -1.876    1.796      0.024    0.022  1623.920  1394.744  1.003
theta_oux[1] -0.096  0.968  -1.843    1.751      0.021    0.016  2113.888  2467.719  1.003
s_oux         0.905  0.583   0.000    1.866      0.017    0.009  1099.911  1180.649  1.002
sigma_bm      0.987  0.398   0.005    1.394      0.029    0.024   260.734   233.715  1.012
theta_spread  1.131  0.853   0.000    2.691      0.023    0.020  1566.575  1190.851  1.002
tau[0]        0.247  0.229   0.000    0.678      0.010    0.011   557.403   843.704  1.001
tau[1]        0.365  0.294   0.001    0.909      0.009    0.005  1010.222   944.603  1.005
tau[2]        0.352  0.286   0.000    0.874      0.009    0.005   617.453   610.850  1.004

==============================================================================
TRUTH = OU1
==============================================================================
               mean     sd  hdi_3%  hdi_97%  mcse_mean  mcse_sd  ess_bulk  ess_tail  r_hat
p_model[0]    0.136  0.327   0.000    1.000      0.015    0.016   615.847  1301.716  1.010
p_model[1]    0.278  0.433   0.000    1.000      0.025    0.012   419.873  1926.642  1.021
p_model[2]    0.586  0.479   0.000    1.000      0.032    0.006   265.650   524.934  1.024
alpha_ou1     1.189  1.376   0.020    2.915      0.026    0.075  2726.987  2425.458  1.003
alpha_oux     1.189  0.930   0.060    2.514      0.021    0.051  1118.254  1163.580  1.006
theta_oux[0]  0.254  0.782  -1.470    1.566      0.024    0.021  1250.596  1208.239  1.009
theta_oux[1] -0.249  0.791  -1.609    1.516      0.023    0.024  1293.994  1567.770  1.007
s_oux         0.935  0.440   0.002    1.561      0.018    0.017   595.357   345.857  1.015
sigma_bm      0.849  0.556   0.001    1.755      0.012    0.011  1555.800  1041.182  1.001
theta_spread  1.043  0.728   0.000    2.305      0.017    0.022  2141.765  1714.468  1.003
tau[0]        0.410  0.291   0.000    0.917      0.007    0.006  1230.815   893.917  1.006
tau[1]        0.365  0.279   0.000    0.876      0.006    0.005  1857.439  1305.607  1.002
tau[2]        0.328  0.234   0.001    0.725      0.006    0.005  1290.217  1138.600  1.005

==============================================================================
TRUTH = OUx
==============================================================================
               mean     sd  hdi_3%  hdi_97%  mcse_mean  mcse_sd  ess_bulk  ess_tail  r_hat
p_model[0]    0.174  0.371   0.000    1.000      0.039    0.034   190.064  1957.415  1.023
p_model[1]    0.060  0.227   0.000    0.377      0.019    0.036   445.223   143.059  1.007
p_model[2]    0.766  0.415   0.000    1.000      0.044    0.029   138.511   258.797  1.032
alpha_ou1     1.167  1.885   0.020    3.198      0.041    0.317  1804.383  2007.284  1.002
alpha_oux     1.124  0.696   0.073    2.283      0.040    0.037   261.832   136.160  1.018
theta_oux[0]  0.635  0.723  -0.848    1.770      0.046    0.033   296.003   307.882  1.013
theta_oux[1] -0.638  0.800  -2.128    0.949      0.050    0.035   262.048   483.787  1.009
s_oux         0.949  0.314   0.388    1.716      0.012    0.023   493.100   213.493  1.015
sigma_bm      0.829  0.550   0.001    1.790      0.013    0.013  1241.004  1274.862  1.010
theta_spread  1.559  0.787   0.009    2.771      0.043    0.020   326.580   624.424  1.005
tau[0]        0.400  0.285   0.000    0.928      0.008    0.007  1357.968  1316.456  1.016
tau[1]        0.397  0.304   0.000    0.961      0.010    0.007   996.742  1387.042  1.003
tau[2]        0.245  0.197   0.000    0.556      0.014    0.017   288.989   205.231  1.007
